982400 485247
982383 341145
982266 324957
982145 310159
982089 297403
981132 293477
967898 269642
965096 250431
962840 246382
962803 245870
961332 244004
961152 237492
961098 233425
961056 221969
961032 220648
961012 212168
961007 207059
960990 183282
960990 175508
960990 171998
960985 162370
960536 162280
960331 161515
960141 153180
960101 135175
960099 134389
960098 129568
960091 127435
960091 127277
960055 125348
959968 122153
959909 121846
959892 115180
959756 111446
959710 107727
959701 107396
959143 104958
959071 104868
958968 102109
958958 101189
958945 99873
958858 98131
958805 97562
958788 91613
958775 91318
958690 89684
958688 89053
958687 88170
958667 87082
958665 85569
958655 84804
958634 84342
958626 83887
958444 82768
958439 82368
958287 79946
958279 78603
958221 78008
958039 75953
929271 74588
925996 72686
925954 71479
925901 69804
925367 69389
925278 68519
925098 68389
925014 67933
924895 64178
924852 64170
924674 63913
924556 62444
924287 61295
924285 59061
923973 58772
923597 58071
923415 57194
923414 56470
923220 55051
923142 52756
922708 47820
922502 47593
922192 46013
922187 44557
920797 41246
920593 38776
920102 36976
915740 36318
910860 34846
908835 34760
908560 33462
693916 32098
667336 30933
657494 30592
655897 25496
653538 21796
652266 18536
339605 17344
320222 16601
305208 16303
248310 7440
