485247
341145
324957
310159
297403
293477
269642
250431
246382
245870
244004
237492
233425
221969
220648
212168
207059
183282
175508
171998
162370
162280
161515
153180
135175
134389
129568
127435
127277
125348
122153
121846
115180
111446
107727
107396
104958
104868
102109
101189
99873
98131
97562
91613
91318
89684
89053
88170
87082
85569
84804
84342
83887
82768
82368
79946
78603
78008
75953
74588
72686
71479
69804
69389
68519
68389
67933
64178
64170
63913
62444
61295
59061
58772
58071
57194
56470
55051
52756
47820
47593
46013
44557
41246
38776
36976
36318
34846
34760
33462
32098
30933
30592
25496
21796
18536
17344
16601
16303
7440
