249192
156527
132099
129389
100568
97397
91461
83801
83732
83095
81729
76561
70256
60268
60199
57798
56191
52019
48745
47453
46979
46628
46356
45781
44451
42617
42198
40832
40451
38653
38269
37936
37400
35538
35291
34979
34462
34183
33120
33091
32346
32047
29816
29345
28654
26422
26391
26177
26046
25927
25045
24201
23902
23770
23717
23712
22993
22881
22360
20757
20525
19565
18849
17552
16758
16577
15880
15280
15264
15110
14424
13970
13693
13149
12697
12588
12503
12055
11672
11497
11100
11097
10785
10632
10131
9909
9249
9209
8965
8947
8538
8217
7756
7220
7019
6766
6519
6370
4984
3889
