982400
982383
982266
982145
982089
981132
967898
965096
962840
962803
961332
961152
961098
961056
961032
961012
961007
960990
960990
960990
960985
960536
960331
960141
960101
960099
960098
960091
960091
960055
959968
959909
959892
959756
959710
959701
959143
959071
958968
958958
958945
958858
958805
958788
958775
958690
958688
958687
958667
958665
958655
958634
958626
958444
958439
958287
958279
958221
958039
929271
925996
925954
925901
925367
925278
925098
925014
924895
924852
924674
924556
924287
924285
923973
923597
923415
923414
923220
923142
922708
922502
922192
922187
920797
920593
920102
915740
910860
908835
908560
693916
667336
657494
655897
653538
652266
339605
320222
305208
248310
