247643
187306
167720
156527
145958
139670
128890
125870
118726
118329
110769
106779
101331
100568
98088
90219
88334
83095
81810
78068
77723
75557
70693
70215
69280
68163
63323
63215
62770
60268
58468
57798
57194
56191
55601
55188
54635
52919
52575
52019
51413
50961
50947
48745
46327
45703
45242
44891
43549
43544
43325
42605
41240
38269
37936
37452
35986
35246
34638
33710
32642
32047
31024
30091
29345
28654
27169
26930
26705
26155
25896
25724
25045
24411
24391
23712
23163
22784
22272
21582
20855
20797
19950
19408
18100
17913
15452
14060
12697
12588
12503
12378
12185
11576
11082
10131
8402
8299
7756
7220
