247643 249192 249192
187306 156527 156527
167720 132099 132099
156527 129389 129389
145958 100568 100568
139670 97397 97397
128890 91461 91461
125870 83801 83801
118726 83732 83732
118329 83095 83095
110769 81729 81729
106779 76561 76561
101331 70256 70256
100568 60268 60268
98088 60199 60199
90219 57798 57798
88334 56191 56191
83095 52019 52019
81810 48745 48745
78068 47453 47453
77723 46979 46979
75557 46628 46628
70693 46356 46356
70215 45781 45781
69280 44451 44451
68163 42617 42617
63323 42198 42198
63215 40832 40832
62770 40451 40451
60268 38653 38653
58468 38269 38269
57798 37936 37936
57194 37400 37400
56191 35538 35538
55601 35291 35291
55188 34979 34979
54635 34462 34462
52919 34183 34183
52575 33120 33120
52019 33091 33091
51413 32346 32346
50961 32047 32047
50947 29816 29816
48745 29345 29345
46327 28654 28654
45703 26422 26422
45242 26391 26391
44891 26177 26177
43549 26046 26046
43544 25927 25927
43325 25045 25045
42605 24201 24201
41240 23902 23902
38269 23770 23770
37936 23717 23717
37452 23712 23712
35986 22993 22993
35246 22881 22881
34638 22360 22360
33710 20757 20757
32642 20525 20525
32047 19565 19565
31024 18849 18849
30091 17552 17552
29345 16758 16758
28654 16577 16577
27169 15880 15880
26930 15280 15280
26705 15264 15264
26155 15110 15110
25896 14424 14424
25724 13970 13970
25045 13693 13693
24411 13149 13149
24391 12697 12697
23712 12588 12588
23163 12503 12503
22784 12055 12055
22272 11672 11672
21582 11497 11497
20855 11100 11100
20797 11097 11097
19950 10785 10785
19408 10632 10632
18100 10131 10131
17913 9909 9909
15452 9249 9249
14060 9209 9209
12697 8965 8965
12588 8947 8947
12503 8538 8538
12378 8217 8217
12185 7756 7756
11576 7220 7220
11082 7019 7019
10131 6766 6766
8402 6519 6519
8299 6370 6370
7756 4984 4984
7220 3889 3889
